0.347415 0.009734134 0.6519401 0.6907982 0.2685812
0.05946014 0.4826131 0.04653082 1.037525 1.940423
1.694221 0.6261961 0.3872335 1.269577 0.2188402
0.1640713 1.669529 0.7466973 0.4148929 1.128946
0.3065104 1.331851 0.0385756 1.412191 0.5607663
0.8793119 0.3156273 0.7294317 1.691307 0.5794913
0.3555868 0.1664309 0.5546347 0.4310295 0.2358412
0.07645731 1.260688 2.288851 0.4690245 0.3128133
0.3002432 0.4548402 0.5183904 0.01139427 0.007753412
1.327735 1.232343 1.583483 0.1036136 2.195538
0.259507 0.05652935 0.4726917 0.6727291 1.650954
3.369027 1.326091 1.951293 0.09741227 0.6677686
0.106373 2.374173 0.1154074 0.6515606 0.1141786
0.8071788 0.124342 0.7276599 0.2263286 0.2370482
0.3771782 0.01359145 0.03518622 0.7115595 0.4525161
0.4285935 1.192748 0.8892147 1.004442 1.00446
0.15662 0.5098295 0.2061306 0.5778899 1.473791
0.4877807 0.8067041 0.05018838 0.745082 0.7606503
1.517575 0.1451806 0.2151848 0.1117509 0.6583587
0.5234549 0.1045604 0.1631891 0.310465 0.04730209
0.09636269 0.1680841 0.5418559 0.08869989 0.5801046
0.4351777 0.45445 0.195217 0.6377612 0.1990561
0.7892434 3.114564 1.88593 0.7243822 4.359707
0.8594134 1.12415 1.911639 1.54554 4.392843
0.3164875 1.237783 0.7724899 0.1733113 2.017766
0.6263609 0.8939004 0.6623868 0.3702057 0.3046611
1.665406 0.5203699 0.2991525 0.9329069 2.514067
0.4857354 0.3966967 0.1145044 0.4779575 1.959034
0.1437268 0.3417718 1.32824 0.1812514 3.108953
1.185209 1.537728 0.8967552 0.4730371 0.1541517
